-1  1 -1 -1  1  1  AFbar = 3.161228
-1  1  1 -1 -1  1  EPDbar = 0.198413
 1  1  1 -1 -1 -1  Asbar = 0.042411
-1  1  1  1  1 -1  ENCPbar = 23.619048
-1  1 -1  1 -1 -1  
 1 -1 -1  1  1 -1  
 1 -1  1  1  1  1  
-1 -1  1  1 -1 -1  
 1 -1 -1 -1 -1  1  
 1  1  1  1 -1  1  
-1 -1 -1 -1  1 -1  
-1  1  1  1  1  1  
 1  1  1 -1  1 -1  
-1 -1  1 -1  1 -1  
-1 -1 -1  1  1  1  
-1 -1 -1  1 -1  1  
 1  1 -1  1  1 -1  
 1 -1 -1 -1 -1 -1  
 1 -1  1  1 -1 -1  
-1 -1  1 -1 -1  1  
-1  1 -1 -1 -1 -1  
 1 -1  1 -1  1  1  
 1  1 -1  1 -1  1  
 1  1 -1 -1  1  1  
