 1  1 -1 -1 -1 -1 -1  AFbar = 3.061560
 1  1  1  1 -1  1  1  EPDbar = 0.331623
 1  1 -1  1  1  1 -1  NegAsbar = -0.047691
-1 -1 -1 -1  1 -1 -1  ENCPbar = 21.685584
-1  1  1  1  1  1 -1  
-1  1 -1  1 -1 -1 -1  SIBSSD-1
 1 -1  1 -1 -1 -1 -1  
-1  1 -1 -1 -1  1  1  
-1 -1 -1  1  1  1  1  
-1 -1  1 -1 -1 -1  1  
 1 -1 -1 -1 -1  1  1  
-1 -1  1  1  1 -1 -1  
 1  1  1 -1  1 -1 -1  
-1  1  1 -1 -1  1 -1  
 1 -1  1  1  1 -1  1  
-1 -1 -1  1 -1  1 -1  
 1 -1 -1 -1  1  1 -1  
-1  1 -1 -1  1 -1  1  
 1 -1  1  1 -1  1 -1  
-1  1  1  1 -1 -1  1  
-1 -1  1 -1  1  1  1  
 1 -1 -1  1 -1 -1  1  
 1  1  1 -1  1  1  1  
 1  1 -1  1  1 -1  1  
