 1  1  1 -1 -1 -1  1 -1  AFbar = 2.300753
-1 -1 -1 -1 -1  1 -1 -1  EPDbar = 0.178570
 1 -1  1  1 -1  1  1  1  Asbar = 138240192102583456.000000
 1 -1 -1 -1 -1 -1 -1  1  ENCPbar = 11.833162
 1 -1 -1  1  1 -1  1 -1  
 1  1  1  1  1 -1  1  1  
 1  1 -1  1  1  1 -1 -1  
-1  1 -1  1 -1 -1  1 -1  
-1  1 -1 -1  1 -1 -1 -1  
-1  1  1  1  1  1  1 -1  
 1 -1  1 -1  1  1 -1  1  
-1  1  1 -1 -1  1 -1  1  
-1  1 -1 -1  1  1  1  1  
-1 -1  1 -1 -1 -1  1  1  
-1 -1 -1  1  1  1 -1  1  
 1 -1  1  1 -1 -1 -1 -1  
