 1  1 -1 -1  1 -1  AFbar = 3.093517
 1  1  1 -1 -1 -1  EPDbar = 0.140606
-1 -1  1  1 -1  1  Asbar = 0.045774
-1 -1  1 -1  1  1  ENCPbar = 22.252658
-1 -1 -1  1  1 -1  
-1 -1 -1  1 -1  1  PSE-(1,2)
 1  1  1 -1  1  1  
 1  1 -1  1 -1  1  
-1  1 -1  1  1  1  
-1 -1  1 -1 -1 -1  
 1 -1  1 -1  1 -1  
 1 -1  1 -1 -1  1  
 1 -1 -1  1 -1 -1  
 1 -1 -1 -1  1  1  
 1 -1  1  1  1  1  
 1  1 -1  1  1 -1  
 1 -1  1  1 -1 -1  
-1  1 -1 -1 -1  1  
-1  1 -1 -1  1 -1  
-1  1  1  1  1 -1  
 1 -1 -1 -1 -1 -1  
-1  1 -1  1 -1 -1  
-1  1  1 -1  1  1  
-1  1  1  1 -1  1  
