 1  1  1 -1 -1 -1  AFbar = 3.106254
-1  1  1 -1 -1  1  EPDbar = 0.330098
 1 -1  1 -1 -1 -1  Asbar = 0.045363
 1 -1  1  1  1 -1  ENCPbar = 22.628050
-1 -1  1 -1 -1  1  
 1 -1 -1 -1  1 -1  PSE-(1,1)
-1 -1  1  1 -1 -1  
 1  1 -1 -1 -1  1  
-1 -1 -1  1  1 -1  
-1 -1  1  1  1  1  
 1  1  1 -1  1  1  
 1 -1 -1  1 -1 -1  
-1 -1 -1 -1 -1 -1  
-1  1 -1  1  1  1  
-1  1 -1 -1  1 -1  
 1 -1  1 -1 -1  1  
 1 -1 -1  1  1  1  
 1  1 -1  1  1 -1  
-1  1  1  1  1 -1  
-1  1 -1  1 -1 -1  
-1 -1 -1 -1  1  1  
-1 -1 -1  1 -1  1  
 1  1  1  1 -1  1  
-1 -1  1 -1  1 -1  
