-1 -1 -1  1 -1 -1  1  AFbar = 2.784508
 1  1 -1 -1 -1  1 -1  EPDbar = 0.374931
 1  1  1  1 -1 -1 -1  Asbar = 0.065729
-1 -1  1 -1 -1 -1 -1  ENCPbar = 16.909728
 1  1 -1 -1 -1 -1  1  
 1 -1  1 -1  1 -1  1  PSE-(1,1)
 1  1  1  1  1 -1  1  
-1  1  1  1 -1  1  1  
-1 -1 -1  1 -1  1 -1  
 1  1 -1  1  1  1  1  
-1  1 -1 -1  1  1  1  
-1  1  1 -1  1  1 -1  
 1 -1 -1  1 -1 -1 -1  
-1 -1 -1 -1  1 -1  1  
 1 -1  1  1  1  1 -1  
-1  1 -1  1  1 -1 -1  
-1  1  1 -1 -1 -1  1  
 1 -1  1 -1 -1  1  1  
 1 -1 -1 -1  1  1 -1  
-1 -1  1  1  1  1  1  
