-1 -1  1 -1 -1 -1  1 -1  AFbar = 3.031783
-1  1  1  1  1  1  1 -1  EPDbar = 0.342012
-1  1 -1 -1  1  1 -1  1  Asbar = 0.049804
-1 -1  1 -1 -1 -1 -1  1  ENCPbar = 21.251667
-1 -1  1  1  1 -1  1  1  
-1  1 -1 -1 -1  1  1 -1  
-1 -1 -1  1 -1  1 -1 -1  
 1 -1 -1  1 -1 -1  1 -1  
 1 -1  1  1  1  1 -1 -1  
 1 -1 -1 -1 -1  1 -1  1  
 1  1 -1  1  1  1  1  1  
-1  1 -1  1 -1 -1  1  1  
-1 -1 -1 -1  1  1  1  1  
 1  1 -1 -1  1 -1  1 -1  
 1  1  1 -1  1 -1 -1  1  
 1  1  1 -1 -1 -1  1  1  
 1  1 -1  1 -1 -1 -1 -1  
-1 -1 -1 -1  1 -1 -1 -1  
 1 -1  1  1 -1  1  1  1  
 1  1  1 -1 -1  1 -1 -1  
 1 -1  1 -1  1  1  1 -1  
-1  1  1  1 -1  1 -1  1  
-1  1  1  1  1 -1 -1 -1  
 1 -1 -1  1  1 -1 -1  1  
