-1 -1  1  1 -1 -1 -1  1  AFbar = 2.719267
-1 -1  1 -1  1  1  1 -1  EPDbar = 0.154943
 1 -1  1  1 -1  1  1 -1  Asbar = 27367279280871512.000000
-1  1 -1 -1  1 -1 -1  1  ENCPbar = 16.342690
 1 -1  1 -1  1  1 -1  1  
 1 -1 -1  1  1  1 -1  1  
 1  1 -1 -1  1  1  1 -1  
-1  1  1 -1 -1 -1  1 -1  
 1  1  1 -1  1 -1 -1 -1  
 1 -1 -1 -1 -1 -1 -1 -1  
-1 -1 -1 -1 -1  1 -1 -1  
-1  1 -1  1  1  1 -1 -1  
 1 -1  1 -1 -1 -1  1  1  
 1  1  1  1  1 -1  1  1  
-1 -1 -1  1 -1  1  1  1  
-1  1 -1  1 -1 -1  1 -1  
-1  1  1  1  1  1  1  1  
 1 -1 -1  1  1 -1  1 -1  
 1  1 -1  1 -1 -1 -1  1  
-1  1  1 -1 -1  1 -1  1  
