-1  1 -1 -1 -1 -1  AFbar = 3.137956
-1  1  1 -1  1 -1  EPDbar = 0.080870
-1 -1 -1 -1  1  1  NegAsbar = -0.043403
 1  1 -1 -1  1 -1  ENCPbar = 23.073016
-1 -1  1 -1 -1 -1  
-1  1 -1  1 -1  1  PSE-(1,1)
-1 -1  1  1 -1  1  
-1 -1  1  1  1 -1  
 1 -1 -1  1 -1  1  
 1 -1 -1  1  1 -1  
 1  1  1 -1  1  1  
 1  1 -1 -1 -1  1  
 1 -1  1 -1  1 -1  
 1 -1  1 -1 -1  1  
-1  1 -1 -1  1  1  
 1 -1  1  1  1  1  
-1 -1 -1  1 -1 -1  
-1  1 -1  1  1 -1  
 1 -1  1  1 -1 -1  
-1  1  1 -1 -1  1  
 1 -1 -1 -1 -1 -1  
-1  1  1  1  1  1  
 1  1 -1  1  1  1  
 1  1  1  1 -1 -1  
