-1 -1  1  1 -1 -1  AFbar = 3.091041
-1  1  1  1  1 -1  EPDbar = 0.321046
-1  1 -1  1  1  1  NegAsbar = -0.045868
 1  1  1 -1  1 -1  ENCPbar = 22.195160
-1  1 -1 -1 -1 -1  
 1  1  1  1  1  1  CP-6
 1 -1 -1 -1  1 -1  
 1 -1  1  1 -1  1  
 1 -1  1 -1 -1 -1  
-1 -1  1 -1 -1  1  
 1 -1 -1  1 -1 -1  
 1 -1  1 -1  1  1  
 1  1 -1 -1 -1  1  
 1  1 -1 -1 -1 -1  
-1  1  1 -1 -1  1  
 1 -1 -1  1  1  1  
 1  1 -1  1  1 -1  
-1 -1  1 -1  1 -1  
-1 -1 -1  1  1 -1  
 1  1  1  1 -1 -1  
-1 -1 -1 -1 -1  1  
-1  1 -1  1 -1  1  
-1  1 -1 -1  1  1  
-1 -1  1  1  1  1  
