 1  1  1 -1 -1  1  1  AFbar = 3.119162
 1 -1  1  1 -1 -1 -1  EPDbar = 0.078704
-1  1 -1 -1  1 -1 -1  NegAsbar = -0.044271
-1 -1 -1 -1 -1  1  1  ENCPbar = 22.666667
 1  1  1  1  1 -1 -1  
 1  1 -1  1 -1 -1  1  PSE-(1,1)
 1  1  1 -1  1  1 -1  
-1  1 -1  1 -1  1 -1  
 1 -1 -1  1  1  1 -1  
-1  1  1  1  1 -1  1  
-1  1 -1 -1  1  1  1  
 1 -1 -1 -1  1 -1  1  
-1 -1  1  1  1  1  1  
-1  1  1 -1 -1 -1  1  
-1 -1  1 -1  1  1 -1  
-1  1  1  1 -1  1 -1  
 1 -1  1  1 -1  1  1  
-1 -1  1 -1 -1 -1 -1  
-1 -1 -1  1 -1 -1  1  
 1 -1  1 -1  1 -1  1  
-1 -1 -1  1  1 -1 -1  
 1  1 -1  1  1  1  1  
 1  1 -1 -1 -1 -1 -1  
 1 -1 -1 -1 -1  1 -1  
