-1 -1  1  1  1  1  1 -1  AFbar = 2.974050
-1 -1 -1  1 -1  1  1  1  EPDbar = 0.135331
 1 -1  1  1 -1  1 -1  1  Asbar = 5613805567441743.000000
 1 -1 -1  1  1  1  1 -1  ENCPbar = 20.661088
 1  1  1  1 -1 -1  1  1  
-1 -1  1 -1 -1 -1  1 -1  
 1 -1  1  1  1 -1 -1 -1  
 1 -1 -1 -1  1 -1  1  1  
-1  1  1  1 -1  1 -1 -1  
 1 -1  1 -1 -1  1  1 -1  
-1  1  1 -1 -1 -1 -1  1  
 1  1 -1  1  1 -1  1 -1  
-1 -1  1  1  1 -1  1  1  
 1  1  1 -1  1  1  1  1  
-1 -1 -1 -1  1  1 -1 -1  
 1  1 -1  1  1  1 -1  1  
-1  1 -1  1  1 -1 -1  1  
-1 -1 -1  1 -1 -1 -1 -1  
 1  1 -1 -1 -1 -1 -1  1  
-1  1 -1 -1 -1  1  1  1  
 1  1  1 -1  1 -1 -1 -1  
-1  1 -1 -1  1 -1  1 -1  
-1 -1  1 -1 -1  1 -1  1  
 1  1 -1 -1 -1  1 -1 -1  
