-1  1 -1  1  1  1  1 -1  AFbar = 2.760105
 1  1  1 -1  1  1 -1 -1  CP-8
 1  1  1  1 -1  1  1  1  
-1  1  1  1  1 -1  1  1  
-1  1 -1 -1 -1  1 -1  1  
 1  1 -1 -1  1  1  1  1  
-1 -1 -1 -1  1 -1  1  1  
 1  1 -1  1  1 -1 -1  1  
-1 -1 -1 -1 -1  1  1 -1  
 1 -1  1  1  1  1  1 -1  
-1 -1  1  1 -1 -1 -1  1  
 1  1 -1 -1 -1 -1 -1 -1  
-1  1  1 -1 -1 -1  1 -1  
 1 -1  1 -1 -1 -1  1  1  
 1 -1 -1  1 -1 -1  1 -1  
 1 -1  1 -1  1 -1 -1 -1  
-1  1  1  1 -1  1 -1 -1  
-1 -1 -1  1  1 -1 -1 -1  
 1 -1 -1  1 -1  1 -1  1  
-1 -1  1 -1  1  1 -1  1  
