 1  1  1  1  1  1  1 -1  AFbar = 2.719486
 1 -1  1  1 -1 -1 -1  1  EPDbar = 0.154943
 1 -1  1 -1 -1  1  1 -1  Asbar = 28770723693037052.000000
-1  1 -1 -1  1  1  1 -1  ENCPbar = 16.342690
-1 -1  1  1 -1 -1  1 -1  
 1 -1  1 -1  1 -1  1  1  
 1  1  1 -1  1 -1 -1 -1  
-1 -1  1 -1  1  1 -1  1  
 1  1 -1 -1  1  1 -1  1  
-1  1 -1  1  1 -1 -1  1  
-1 -1 -1  1 -1  1  1  1  
 1 -1 -1  1  1  1  1  1  
-1  1  1 -1 -1 -1 -1 -1  
-1  1  1 -1 -1  1  1  1  
 1  1 -1  1 -1 -1  1 -1  
-1 -1 -1 -1  1 -1  1 -1  
-1  1 -1  1 -1  1 -1 -1  
-1 -1 -1 -1 -1 -1 -1  1  
 1  1  1  1 -1  1 -1  1  
 1 -1 -1  1  1 -1 -1 -1  
