 1 -1 -1 -1 -1  1  1  1  AFbar = 2.937379
-1 -1 -1 -1 -1 -1 -1 -1  EPDbar = 0.242017
 1 -1  1  1 -1  1 -1  1  Asbar = 0.053256
 1 -1  1  1  1  1  1 -1  ENCPbar = 18.944621
 1 -1  1 -1  1 -1 -1 -1  
-1  1 -1  1  1 -1 -1 -1  
-1 -1 -1 -1  1  1 -1  1  
 1  1 -1 -1 -1 -1 -1  1  
-1 -1 -1  1 -1  1  1 -1  
 1 -1 -1  1  1 -1  1  1  
-1  1 -1  1 -1 -1  1  1  
 1  1 -1  1 -1  1 -1 -1  
 1  1 -1 -1  1  1  1 -1  
-1  1  1 -1  1 -1  1 -1  
-1 -1  1 -1 -1 -1  1  1  
-1  1  1  1  1  1  1  1  
-1  1  1 -1 -1  1 -1 -1  
 1  1  1 -1  1  1 -1  1  
 1  1  1  1 -1 -1  1 -1  
-1 -1  1  1  1 -1 -1  1  
