-1  1  1  1 -1 -1 -1  AFbar = 2.940803
 1  1 -1  1  1 -1 -1  EPDbar = 0.237495
 1 -1  1 -1  1 -1 -1  Asbar = 0.053036
-1  1 -1  1 -1  1  1  ENCPbar = 18.998095
-1 -1 -1  1 -1 -1  1  
 1 -1 -1 -1 -1  1 -1  PSE-(1,1)
-1  1  1 -1  1  1 -1  
 1  1  1  1  1  1 -1  
-1 -1 -1 -1  1 -1 -1  
 1  1  1 -1 -1  1  1  
-1 -1  1  1  1 -1  1  
-1  1  1 -1  1 -1  1  
 1  1 -1 -1  1  1  1  
 1  1  1  1 -1 -1  1  
-1 -1  1 -1 -1  1  1  
 1 -1  1  1 -1  1 -1  
-1 -1 -1  1  1  1 -1  
 1 -1 -1 -1 -1 -1  1  
-1  1 -1 -1 -1 -1 -1  
 1 -1 -1  1  1  1  1  
