 1  1 -1  1 -1  1 -1  AFbar = 2.995732
-1  1  1  1 -1 -1 -1  EPDbar = 0.100000
-1  1 -1 -1 -1 -1 -1  NegAsbar = -0.050000
 1  1 -1 -1 -1 -1  1  ENCPbar = 20.000000
-1 -1  1 -1  1 -1  1  
-1  1 -1  1  1  1 -1  SIBSSD-1
-1 -1  1 -1 -1  1 -1  
 1  1  1 -1  1  1  1  
 1 -1 -1  1  1 -1  1  
-1  1 -1 -1  1  1  1  
-1 -1 -1 -1  1 -1 -1  
 1 -1 -1  1 -1 -1  1  
-1 -1  1  1 -1  1  1  
 1  1  1 -1 -1  1  1  
 1 -1 -1 -1  1  1 -1  
-1 -1 -1  1 -1  1  1  
 1 -1  1  1  1  1 -1  
 1  1  1  1  1 -1 -1  
-1  1  1  1  1 -1  1  
 1 -1  1 -1 -1 -1 -1  
