-1 -1 -1 -1  1 -1  1  AFbar = 2.749199
-1 -1 -1 -1 -1  1 -1  EPDbar = 0.154365
 1  1 -1  1 -1 -1  1  NegAsbar = -0.069305
 1 -1  1 -1 -1  1  1  ENCPbar = 16.665416
 1  1  1 -1  1 -1 -1  
-1  1 -1 -1 -1 -1 -1  CP-3
 1  1  1  1 -1  1 -1  
 1 -1 -1  1  1  1 -1  
-1 -1  1 -1  1  1 -1  
 1  1 -1 -1  1  1 -1  
 1  1  1  1  1 -1  1  
-1 -1 -1  1 -1  1  1  
-1  1 -1  1  1  1  1  
-1  1 -1  1  1 -1 -1  
-1 -1  1  1 -1 -1  1  
 1  1 -1 -1 -1  1  1  
 1 -1  1 -1 -1 -1 -1  
 1 -1  1  1  1  1  1  
-1 -1  1  1  1 -1 -1  
-1  1  1 -1 -1 -1  1  
