 1  1  1 -1 -1 -1  AFbar = 3.098769
 1 -1  1  1  1  1  EPDbar = 0.143292
-1 -1  1 -1 -1 -1  NegAsbar = -0.045271
-1 -1 -1 -1 -1  1  ENCPbar = 22.252080
 1 -1 -1  1 -1  1  
-1  1 -1  1  1  1  SIBSSD-2
-1 -1 -1  1  1 -1  
-1  1 -1  1 -1 -1  
 1  1 -1 -1 -1  1  
 1 -1  1  1 -1 -1  
-1  1  1  1  1 -1  
-1 -1  1 -1  1  1  
 1 -1 -1 -1 -1 -1  
-1  1  1 -1 -1  1  
 1 -1 -1 -1  1  1  
 1  1 -1  1  1 -1  
-1  1 -1 -1  1 -1  
 1  1  1  1 -1  1  
 1 -1  1 -1 -1  1  
 1  1  1 -1  1  1  
 1  1 -1  1  1  1  
-1 -1  1  1 -1  1  
 1  1 -1  1 -1 -1  
 1 -1  1 -1  1 -1  
