 1 -1 -1  1 -1  1  1 -1  AFbar = 3.097328
-1  1  1 -1 -1 -1 -1 -1  EPDbar = 0.078162
 1 -1  1  1 -1  1  1  1  Asbar = 0.045420
-1 -1  1  1  1 -1  1  1  ENCPbar = 22.242580
-1 -1  1 -1  1  1  1 -1  
 1  1 -1  1 -1 -1 -1  1  
 1  1  1  1  1  1 -1  1  
 1 -1  1 -1  1  1 -1 -1  
-1  1  1 -1  1 -1 -1  1  
-1 -1 -1  1 -1  1 -1  1  
-1  1  1  1 -1  1  1 -1  
-1  1 -1 -1  1 -1 -1 -1  
-1  1 -1  1 -1 -1  1  1  
 1  1 -1 -1 -1  1 -1 -1  
 1  1 -1  1  1 -1  1 -1  
-1  1 -1  1  1  1 -1 -1  
 1 -1  1  1 -1 -1 -1 -1  
-1 -1  1 -1 -1  1 -1  1  
 1  1  1 -1  1 -1  1 -1  
-1  1 -1 -1  1  1  1  1  
-1 -1 -1 -1 -1 -1  1 -1  
 1 -1 -1  1  1  1  1  1  
 1 -1 -1 -1  1 -1 -1  1  
 1 -1  1 -1 -1 -1  1  1  
