 1  1 -1  1 -1  1  1 -1  AFbar = 2.298483
-1 -1  1 -1 -1 -1  1  1  EPDbar = 0.425607
 1  1 -1 -1 -1 -1 -1  1  NegAsbar = -170829817798.377441
-1  1  1  1 -1 -1 -1 -1  ENCPbar = 11.577098
-1 -1 -1  1  1 -1  1  1  
 1 -1  1  1 -1  1  1  1  PSE-(1,8)
-1  1  1 -1  1 -1 -1  1  
-1  1 -1 -1  1  1  1 -1  
 1 -1 -1 -1  1  1 -1  1  
 1 -1 -1  1 -1 -1 -1 -1  
-1  1  1  1  1  1  1  1  
-1 -1  1 -1  1  1 -1 -1  
-1 -1 -1  1 -1  1 -1  1  
 1 -1 -1 -1  1 -1  1 -1  
 1  1  1 -1 -1 -1  1 -1  
 1  1  1  1  1  1 -1 -1  
