 1  1 -1  1  1 -1  1  AFbar = 2.896728
 1  1  1 -1 -1  1 -1  EPDbar = 0.092700
 1 -1  1 -1  1 -1  1  Asbar = 0.055596
 1 -1  1  1 -1 -1 -1  ENCPbar = 18.222857
-1  1  1 -1  1 -1 -1  
-1 -1 -1 -1  1  1 -1  PSE-(1,1)
 1 -1 -1 -1  1 -1 -1  
-1 -1 -1  1  1 -1  1  
 1  1  1 -1  1  1  1  
-1  1 -1 -1 -1 -1  1  
-1 -1  1 -1 -1  1 -1  
 1 -1  1  1  1  1 -1  
-1 -1  1  1  1  1  1  
 1  1 -1 -1 -1 -1 -1  
-1  1  1  1 -1  1  1  
 1 -1 -1  1 -1  1  1  
-1  1 -1  1 -1  1 -1  
-1 -1 -1  1 -1 -1 -1  
-1  1 -1 -1  1  1  1  
 1  1  1  1 -1 -1  1  
