 1 -1  1 -1  1  1 -1  1  AFbar = 3.178054
-1  1  1  1 -1 -1 -1 -1  EPDbar = 0.083333
-1  1  1  1  1  1 -1  1  Asbar = 0.041667
 1  1 -1 -1  1 -1  1 -1  ENCPbar = 24.000000
 1 -1 -1  1 -1  1  1 -1  
 1  1  1  1  1 -1  1  1  PSE-(1,1)
-1 -1 -1  1  1  1  1  1  
 1 -1 -1  1  1 -1 -1  1  
-1 -1  1  1 -1 -1  1  1  
 1 -1  1 -1 -1 -1  1  1  
 1  1  1 -1 -1 -1 -1  1  
-1  1 -1  1 -1  1  1  1  
 1 -1  1  1 -1  1 -1 -1  
-1 -1 -1 -1 -1  1 -1  1  
 1 -1 -1  1  1 -1 -1 -1  
 1  1 -1 -1 -1  1 -1  1  
-1  1 -1  1 -1 -1 -1 -1  
-1 -1  1 -1  1  1  1 -1  
 1  1 -1 -1 -1  1  1 -1  
-1  1 -1 -1  1 -1  1  1  
-1  1  1 -1  1  1 -1 -1  
 1  1  1  1  1  1  1 -1  
-1 -1  1 -1 -1 -1  1 -1  
-1 -1 -1 -1  1 -1 -1 -1  
