 1 -1 -1  1 -1 -1 -1  1  AFbar = 2.303359
-1 -1  1  1  1  1 -1 -1  EPDbar = 0.427235
 1 -1  1 -1  1  1 -1  1  Asbar = 357143100844135680.000000
-1  1  1  1 -1  1 -1  1  ENCPbar = 11.627741
-1 -1 -1 -1 -1  1 -1 -1  
 1  1 -1 -1 -1 -1  1 -1  PSE-(1,1)
-1  1  1 -1  1 -1  1 -1  
 1 -1 -1  1  1  1  1  1  
-1  1 -1 -1 -1  1  1  1  
-1  1 -1  1  1 -1 -1  1  
 1  1  1 -1 -1 -1 -1  1  
 1 -1 -1 -1  1 -1 -1 -1  
-1 -1 -1  1 -1 -1  1 -1  
-1 -1  1  1  1 -1  1  1  
 1  1  1  1  1  1  1 -1  
 1 -1  1 -1 -1  1  1 -1  
