 1 -1 -1 -1  1 -1  1  1  AFbar = 3.112619
 1  1  1 -1 -1  1  1  1  EPDbar = 0.078189
-1  1 -1 -1  1  1  1 -1  NegAsbar = -0.044560
-1 -1 -1  1  1 -1 -1 -1  ENCPbar = 22.518519
-1  1 -1  1 -1  1 -1  1  
-1 -1  1 -1 -1 -1 -1  1  PSE-(1,3)
 1  1 -1  1  1 -1 -1  1  
 1  1 -1 -1 -1 -1 -1 -1  
 1  1  1  1 -1 -1  1 -1  
-1  1  1  1  1 -1  1  1  
 1 -1  1 -1  1 -1  1 -1  
-1 -1 -1 -1  1  1 -1  1  
-1 -1 -1  1 -1 -1  1 -1  
-1  1  1  1 -1  1 -1 -1  
-1 -1  1 -1 -1  1  1 -1  
 1 -1 -1  1 -1  1  1  1  
 1  1 -1  1  1  1  1 -1  
-1  1  1 -1  1 -1 -1 -1  
 1  1  1 -1  1  1 -1  1  
-1 -1  1  1  1  1  1  1  
 1 -1  1  1 -1 -1 -1  1  
-1  1 -1 -1 -1 -1  1  1  
 1 -1 -1 -1 -1  1 -1 -1  
 1 -1  1  1  1  1 -1 -1  
