 1  1 -1  1 -1  1 -1  AFbar = 2.743633
-1  1 -1 -1 -1 -1 -1  EPDbar = 0.158223
-1 -1  1 -1  1 -1  1  Asbar = 13670539986329460.000000
-1 -1 -1  1 -1 -1  1  ENCPbar = 16.355363
-1  1 -1 -1  1  1 -1  
 1  1  1  1 -1 -1 -1  
 1  1  1 -1 -1  1  1  
-1 -1 -1 -1 -1  1  1  
 1 -1 -1 -1  1  1  1  
 1  1  1 -1  1  1 -1  
-1  1  1 -1 -1 -1  1  
 1 -1  1  1  1 -1  1  
-1 -1 -1  1  1 -1 -1  
 1 -1  1  1 -1  1  1  
-1  1  1  1  1 -1 -1  
 1  1 -1 -1  1 -1  1  
-1 -1  1  1 -1  1 -1  
-1  1  1  1  1  1  1  
 1 -1 -1 -1 -1 -1 -1  
 1 -1 -1  1  1  1 -1  
