 1 -1  1  1  1 -1 -1  AFbar = 2.783889
-1 -1 -1 -1  1 -1 -1  EPDbar = 0.374615
-1  1 -1  1 -1  1  1  NegAsbar = -0.066123
 1 -1  1 -1 -1  1  1  ENCPbar = 16.894040
 1 -1 -1  1  1  1  1  
-1  1 -1 -1 -1  1 -1  CP-7
-1 -1  1  1  1  1 -1  
-1 -1  1 -1 -1 -1 -1  
-1  1  1 -1  1  1  1  
 1  1 -1 -1  1  1 -1  
-1 -1 -1 -1  1  1  1  
 1 -1  1 -1  1 -1  1  
 1  1 -1 -1 -1 -1  1  
-1  1  1  1  1 -1  1  
-1 -1 -1  1 -1 -1  1  
 1  1  1  1 -1  1  1  
 1  1  1 -1 -1 -1 -1  
-1  1  1  1 -1 -1 -1  
 1  1 -1  1  1 -1 -1  
 1 -1 -1  1 -1  1 -1  
