 1 -1  1 -1 -1  1  1  1  AFbar = 2.886366
 1  1 -1  1 -1 -1 -1  1  EPDbar = 0.091835
 1 -1  1  1 -1 -1  1  1  Asbar = 0.056241
 1 -1 -1  1 -1  1 -1 -1  ENCPbar = 18.052910
-1  1 -1  1  1 -1 -1 -1  
 1  1  1  1  1  1 -1  1  
 1  1  1  1  1  1  1 -1  
-1  1 -1 -1  1  1 -1 -1  
-1 -1  1 -1  1  1  1 -1  
 1  1 -1 -1 -1  1  1 -1  
-1 -1  1  1  1 -1 -1  1  
-1  1  1 -1 -1  1 -1  1  
 1 -1 -1  1  1 -1  1 -1  
-1  1  1  1 -1 -1  1 -1  
 1  1  1 -1 -1 -1 -1 -1  
-1  1  1 -1  1 -1  1  1  
-1 -1 -1 -1 -1 -1  1 -1  
 1 -1 -1 -1  1  1 -1  1  
-1 -1 -1 -1 -1 -1 -1  1  
-1 -1 -1  1  1  1  1  1  
