 1  1 -1 -1  1 -1 -1  1  AFbar = 2.760873
-1  1 -1  1  1  1  1 -1  PSE-(1,1)
 1 -1 -1  1  1 -1 -1 -1  
-1 -1 -1 -1  1 -1  1 -1  
 1 -1  1  1 -1 -1 -1  1  
 1  1  1 -1 -1  1  1  1  
 1  1  1 -1  1 -1  1 -1  
-1  1  1  1 -1  1 -1  1  
 1  1 -1  1 -1 -1  1  1  
-1 -1  1 -1  1 -1 -1  1  
-1  1 -1 -1 -1 -1 -1 -1  
 1 -1  1  1  1  1  1  1  
-1 -1 -1 -1 -1  1  1  1  
 1 -1  1 -1 -1  1 -1 -1  
 1  1 -1  1 -1  1 -1 -1  
-1  1  1 -1  1  1 -1 -1  
-1 -1  1  1 -1 -1  1 -1  
 1 -1 -1 -1  1  1  1 -1  
-1 -1 -1  1  1  1 -1  1  
-1  1  1  1  1 -1  1  1  
