-1 -1  1 -1 -1 -1 -1  1  AFbar = 3.982724
 1  1 -1 -1  1  1 -1 -1  EPDbar = 19.083153
 1  1 -1 -1 -1 -1 -1 -1  Asbar = 8465608465608465408.000000
 1  1 -1 -1 -1 -1 -1 -1  ENCPbar = 105.858793
 1  1 -1 -1 -1 -1 -1 -1  
 1  1 -1 -1 -1 -1 -1 -1  CE
-1 -1 -1 -1 -1 -1 -1 -1  
-1  1 -1 -1 -1 -1 -1 -1  
-1  1 -1 -1 -1 -1 -1 -1  
 1  1 -1 -1 -1 -1 -1 -1  
 1 -1  1  1  1 -1  1  1  
-1 -1 -1 -1 -1  1 -1 -1  
 1  1  1 -1 -1 -1  1 -1  
-1  1 -1  1 -1  1  1 -1  
 1  1  1 -1 -1  1 -1  1  
 1  1  1 -1 -1  1 -1  1  
