 1  1 -1  1  1 -1 -1 -1  AFbar = 3.156242
 1 -1  1  1  1  1 -1 -1  EPDbar = 0.207819
-1 -1  1 -1  1 -1 -1 -1  Asbar = 0.042631
-1 -1 -1 -1 -1  1 -1 -1  ENCPbar = 23.506173
-1 -1 -1  1  1 -1  1  1  
-1  1 -1 -1  1  1  1 -1  
-1  1 -1  1 -1 -1 -1 -1  
 1  1  1 -1 -1  1 -1 -1  
-1  1  1 -1  1 -1 -1  1  
 1  1 -1 -1  1  1 -1  1  
 1 -1 -1  1 -1  1  1 -1  
-1  1 -1 -1 -1 -1  1  1  
 1 -1  1  1 -1 -1 -1  1  
-1  1  1  1 -1  1 -1  1  
-1  1  1  1  1  1  1 -1  
 1  1  1 -1 -1 -1  1 -1  
-1 -1  1 -1 -1  1  1  1  
 1  1 -1  1 -1  1  1  1  
 1  1  1  1  1 -1  1  1  
-1 -1  1  1 -1 -1  1 -1  
 1 -1 -1 -1  1 -1  1 -1  
 1 -1  1 -1  1  1  1  1  
-1 -1 -1  1  1  1 -1  1  
 1 -1 -1 -1 -1 -1 -1  1  
