-1  1 -1 -1 -1  1 -1  1  AFbar = 2.310268
 1  1  1  1 -1  1  1  1  EPDbar = 0.174311
 1 -1  1  1  1 -1  1 -1  Asbar = 336828073618972032.000000
 1 -1 -1 -1 -1 -1  1  1  ENCPbar = 11.816296
 1 -1 -1 -1  1  1 -1 -1  
-1  1  1  1  1  1 -1 -1  SIBSSD-1
-1  1  1  1 -1 -1  1  1  
-1  1  1 -1  1  1  1 -1  
-1 -1 -1  1  1  1 -1  1  
 1 -1 -1  1 -1 -1 -1  1  
 1 -1  1 -1  1 -1 -1  1  
-1 -1 -1 -1  1 -1 -1 -1  
-1 -1 -1 -1  1  1  1  1  
-1  1 -1  1 -1  1  1 -1  
 1  1  1 -1 -1 -1  1 -1  
 1 -1  1 -1  1 -1 -1  1  
