-1 -1 -1 -1  1  1 -1 -1  AFbar = 2.977378
 1 -1  1 -1  1  1  1  1  EPDbar = 0.135343
 1 -1 -1 -1 -1 -1  1  1  Asbar = 3508625602206210.000000
-1 -1 -1  1 -1  1  1 -1  ENCPbar = 20.662094
 1 -1  1  1  1 -1 -1 -1  
-1 -1 -1  1  1 -1  1  1  
 1 -1  1  1 -1  1  1 -1  
 1  1 -1  1  1  1  1 -1  
-1  1 -1 -1  1 -1 -1  1  
-1  1  1  1  1  1 -1 -1  
-1 -1  1  1  1 -1 -1  1  
-1  1  1 -1 -1 -1  1 -1  
 1  1  1 -1  1 -1 -1  1  
-1  1  1  1  1  1  1  1  
-1 -1  1 -1  1 -1  1 -1  
-1  1 -1  1 -1 -1 -1 -1  
 1  1  1 -1 -1  1 -1 -1  
 1  1 -1 -1 -1  1  1 -1  
 1 -1 -1  1  1  1 -1  1  
 1  1  1  1 -1 -1  1  1  
-1  1 -1 -1 -1  1  1  1  
 1  1 -1  1 -1  1 -1  1  
 1 -1 -1 -1 -1 -1 -1 -1  
-1 -1  1 -1 -1 -1 -1  1  
