-1  1  1  1  1  1 -1  1  AFbar = 2.688107
-1  1  1  1  1 -1  1 -1  EPDbar = 0.155217
 1 -1 -1  1  1  1 -1 -1  Asbar = 58243275834885232.000000
-1 -1 -1 -1  1 -1  1  1  ENCPbar = 16.372306
 1 -1  1 -1  1 -1  1 -1  
-1  1 -1 -1 -1 -1 -1 -1  PSE-(1,3)
 1 -1  1  1  1  1  1  1  
 1 -1 -1 -1 -1  1 -1  1  
-1 -1  1 -1  1  1 -1 -1  
 1 -1 -1  1  1 -1 -1  1  
-1  1  1 -1 -1 -1  1  1  
-1  1 -1  1 -1  1 -1  1  
-1 -1 -1  1 -1  1  1 -1  
 1  1  1  1 -1  1 -1 -1  
 1  1 -1 -1  1  1  1 -1  
 1 -1 -1 -1 -1 -1  1 -1  
-1 -1  1  1 -1 -1 -1  1  
 1  1  1 -1  1 -1 -1  1  
 1  1 -1  1 -1 -1  1  1  
-1  1  1 -1 -1  1  1 -1  
