-1 -1 -1  1  1 -1 -1  1  AFbar = 2.978894
 1  1  1 -1 -1  1  1 -1  EPDbar = 0.135485
 1 -1 -1  1 -1  1  1  1  Asbar = 2806903570404014.500000
 1  1 -1  1 -1 -1  1 -1  ENCPbar = 20.683017
 1 -1 -1 -1 -1 -1 -1  1  
-1 -1 -1 -1 -1 -1  1 -1  PSE-(1,3)
 1 -1  1  1  1  1  1 -1  
-1  1  1  1 -1 -1 -1  1  
 1  1 -1  1  1 -1  1  1  
 1  1 -1 -1 -1  1 -1  1  
-1  1 -1 -1 -1 -1 -1  1  
-1 -1  1 -1 -1  1 -1 -1  
 1  1  1  1  1  1 -1  1  
 1 -1  1  1 -1 -1 -1 -1  
-1 -1  1 -1  1  1 -1  1  
-1  1 -1 -1  1  1  1  1  
-1  1  1  1  1  1  1 -1  
 1 -1 -1 -1  1  1  1 -1  
-1 -1  1  1  1 -1  1 -1  
 1  1 -1 -1  1 -1 -1 -1  
-1  1 -1  1 -1  1 -1 -1  
 1 -1  1 -1  1 -1  1  1  
-1  1  1 -1  1 -1 -1 -1  
-1 -1  1  1 -1  1  1  1  
