 1 -1 -1  1 -1 -1 -1  1  AFbar = 2.688445
-1 -1 -1 -1 -1 -1  1  1  EPDbar = 0.155217
-1 -1 -1  1  1  1  1  1  Asbar = 60348428078213664.000000
 1 -1 -1 -1 -1  1 -1 -1  ENCPbar = 16.372306
-1  1  1  1  1 -1  1  1  
 1 -1  1 -1  1 -1 -1  1  
-1 -1  1  1 -1 -1 -1 -1  
-1 -1  1  1  1  1 -1  1  
-1  1  1 -1 -1  1 -1  1  
 1  1  1  1  1  1 -1 -1  
 1  1 -1  1  1 -1 -1  1  
-1 -1  1 -1 -1  1  1 -1  
 1 -1 -1  1  1 -1  1 -1  
-1  1  1 -1  1  1  1 -1  
 1 -1  1  1 -1  1  1  1  
-1  1 -1  1 -1  1  1 -1  
 1  1 -1 -1 -1 -1  1 -1  
-1  1 -1 -1  1 -1 -1 -1  
 1  1  1 -1 -1 -1 -1 -1  
 1  1 -1 -1  1  1  1  1  
