 1 -1  1 -1  1  1  1  AFbar = 2.703512
 1 -1  1 -1 -1  1 -1  EPDbar = 0.155128
 1  1  1 -1  1 -1  1  Asbar = 102529325473329408.000000
-1 -1  1 -1  1 -1 -1  ENCPbar = 16.748351
-1 -1 -1 -1 -1 -1 -1  
-1 -1 -1  1 -1  1 -1  PSE-(1,7)
 1 -1 -1 -1 -1 -1  1  
 1  1 -1 -1  1  1 -1  
 1  1  1  1  1  1  1  
-1  1  1  1  1  1 -1  
-1  1 -1  1 -1 -1 -1  
-1  1  1 -1 -1  1  1  
-1  1 -1  1  1 -1  1  
 1 -1  1  1 -1  1  1  
-1 -1  1  1 -1 -1  1  
-1  1 -1 -1  1 -1 -1  
-1 -1 -1 -1  1  1  1  
 1 -1 -1  1  1 -1 -1  
 1  1 -1  1 -1  1  1  
 1  1  1  1 -1 -1 -1  
