-1  1  1  1 -1 -1  1  AFbar = 3.061239
 1  1  1 -1 -1  1  1  EPDbar = 0.333066
-1  1  1 -1 -1  1 -1  Asbar = 0.047814
-1 -1 -1  1  1 -1  1  ENCPbar = 21.714174
 1 -1 -1  1  1 -1 -1  
 1  1 -1 -1 -1 -1 -1  PSE-(1,1)
 1 -1  1 -1 -1 -1 -1  
-1 -1 -1 -1  1  1 -1  
 1 -1 -1 -1 -1  1  1  
-1  1 -1  1 -1  1  1  
-1 -1 -1 -1 -1 -1  1  
 1 -1  1  1 -1 -1  1  
 1  1 -1  1  1  1  1  
-1 -1  1  1 -1  1 -1  
-1 -1  1 -1  1  1  1  
 1 -1  1  1  1  1  1  
-1  1 -1  1 -1 -1 -1  
 1  1  1  1  1 -1 -1  
-1  1 -1 -1  1 -1  1  
 1 -1 -1  1 -1  1 -1  
-1  1  1  1  1  1 -1  
-1 -1  1 -1  1 -1 -1  
 1  1 -1 -1  1  1 -1  
 1  1  1 -1  1 -1  1  
