 1  1 -1  1 -1 -1 -1  AFbar = 3.158423
 1 -1  1  1  1 -1  1  EPDbar = 0.203704
-1  1 -1  1  1 -1 -1  Asbar = 0.042535
-1 -1 -1  1 -1 -1  1  ENCPbar = 23.555556
-1 -1  1 -1  1  1  1  
-1 -1 -1 -1  1 -1  1  
-1  1  1  1 -1  1  1  
 1 -1 -1  1 -1  1  1  
 1  1 -1 -1 -1 -1  1  
 1  1  1  1  1 -1  1  
-1 -1  1  1  1  1 -1  
 1 -1  1 -1 -1  1  1  
-1 -1  1  1 -1 -1 -1  
 1  1  1  1 -1  1 -1  
-1  1 -1  1  1  1  1  
-1  1  1 -1  1 -1 -1  
-1  1 -1 -1 -1  1 -1  
 1  1  1 -1  1  1 -1  
-1  1  1 -1 -1 -1  1  
 1 -1 -1  1  1  1 -1  
-1 -1 -1 -1 -1  1 -1  
 1 -1 -1 -1  1 -1 -1  
 1 -1  1 -1 -1 -1 -1  
 1  1 -1 -1  1  1  1  
