-1 -1 -1  1  1 -1 -1 -1  AFbar = 2.308983
 1  1 -1 -1  1  1  1 -1  EPDbar = 0.091934
-1  1  1 -1 -1 -1  1 -1  Asbar = 793655497489841024.000000
-1  1 -1  1 -1  1  1  1  ENCPbar = 18.069841
-1 -1  1  1  1 -1  1 -1  
 1 -1 -1 -1 -1 -1  1  1  
 1  1 -1  1 -1 -1  1 -1  
-1 -1 -1 -1  1  1  1  1  
-1 -1  1 -1  1  1 -1  1  
-1 -1  1  1 -1 -1 -1  1  
 1  1  1  1  1 -1  1  1  
 1 -1 -1  1  1  1 -1  1  
 1 -1  1  1 -1  1  1 -1  
-1  1 -1 -1  1 -1 -1  1  
 1  1  1 -1 -1  1  1  1  
 1  1 -1 -1 -1  1 -1  1  
-1  1  1  1  1  1 -1 -1  
-1 -1 -1 -1 -1  1 -1 -1  
 1 -1  1 -1  1 -1 -1 -1  
 1  1  1  1 -1 -1 -1 -1  
