 1 -1  1 -1 -1  1 -1 -1  AFbar = 2.410312
-1  1 -1  1  1 -1  1  1  EPDbar = 0.445450
 1  1 -1 -1  1  1 -1  1  Asbar = 569801320712130432.000000
 1  1 -1 -1  1  1 -1  1  ENCPbar = 14.033829
-1 -1 -1 -1  1  1 -1 -1  
 1 -1  1  1  1 -1 -1 -1  
 1 -1 -1 -1 -1 -1  1 -1  
 1  1  1 -1 -1 -1 -1  1  
-1  1 -1 -1 -1  1  1  1  
 1  1  1  1 -1 -1  1  1  
 1  1 -1 -1  1 -1  1 -1  
-1 -1  1  1 -1  1 -1  1  
-1 -1  1  1 -1 -1  1 -1  
-1  1 -1  1  1 -1  1  1  
-1 -1 -1  1  1  1  1 -1  
-1  1  1  1  1  1 -1  1  
