-1  1 -1 -1 -1 -1 -1  AFbar = 3.045454
 1  1  1 -1 -1  1  1  EPDbar = 0.141312
 1 -1 -1  1  1 -1 -1  Asbar = 123034859876965136.000000
-1  1  1  1 -1  1  1  ENCPbar = 21.620451
-1  1 -1  1  1 -1 -1  
 1  1  1  1  1 -1  1  PSE-(1,1)
 1  1 -1  1  1  1  1  
-1 -1  1 -1 -1  1 -1  
-1  1  1 -1  1  1  1  
 1  1  1  1 -1 -1 -1  
 1 -1  1  1 -1  1  1  
 1  1  1  1  1  1 -1  
 1 -1  1 -1  1  1  1  
-1 -1 -1 -1 -1  1  1  
 1  1 -1  1 -1  1 -1  
 1  1 -1  1 -1 -1  1  
 1 -1 -1 -1 -1 -1 -1  
-1 -1  1 -1  1 -1 -1  
-1 -1 -1 -1  1 -1  1  
-1 -1 -1  1 -1 -1 -1  
-1 -1  1 -1 -1 -1  1  
-1 -1 -1 -1  1  1 -1  
 1  1 -1 -1  1 -1 -1  
-1 -1  1  1  1  1  1  
