 1 -1 -1 -1  1  1  AFbar = 3.090956
-1  1  1  1  1 -1  EPDbar = 0.138470
-1 -1  1  1 -1 -1  NegAsbar = -0.046205
 1  1  1 -1  1 -1  ENCPbar = 22.390232
-1  1 -1  1  1  1  
 1 -1  1  1  1  1  SIBSSD-1
 1 -1 -1  1  1 -1  
-1 -1 -1 -1 -1  1  
-1  1  1 -1  1  1  
 1  1  1 -1 -1  1  
-1  1 -1 -1 -1 -1  
 1  1 -1  1 -1 -1  
 1 -1 -1 -1 -1 -1  
 1 -1 -1  1 -1  1  
 1  1  1  1 -1 -1  
 1  1  1  1  1  1  
 1 -1  1 -1 -1 -1  
-1 -1 -1 -1  1 -1  
-1 -1 -1  1  1  1  
-1 -1 -1  1 -1 -1  
-1  1  1 -1 -1 -1  
-1  1  1  1 -1  1  
 1  1 -1 -1  1  1  
-1 -1  1 -1  1  1  
