 1  1 -1  1 -1 -1  1 -1  AFbar = 3.000142
 1  1  1 -1  1 -1 -1  1  EPDbar = 0.135577
 1  1  1 -1 -1 -1  1  1  Asbar = 0.052153
-1 -1  1 -1  1  1 -1  1  ENCPbar = 20.947497
-1  1 -1 -1 -1  1  1  1  
 1  1  1  1  1  1  1 -1  
 1 -1 -1  1 -1 -1 -1  1  
 1 -1  1  1  1 -1 -1 -1  
-1  1  1  1 -1 -1 -1 -1  
 1 -1  1 -1 -1  1 -1 -1  
-1 -1 -1  1  1  1 -1 -1  
-1 -1  1  1  1 -1  1  1  
 1 -1  1  1 -1  1  1  1  
-1 -1 -1  1 -1  1  1 -1  
-1 -1 -1 -1 -1 -1 -1  1  
 1 -1 -1 -1  1  1  1  1  
-1  1 -1  1  1 -1  1  1  
-1  1 -1 -1  1 -1 -1 -1  
 1 -1 -1 -1  1 -1  1 -1  
-1 -1  1 -1 -1 -1  1 -1  
-1  1  1  1 -1  1 -1  1  
 1  1 -1 -1 -1  1 -1 -1  
-1  1  1 -1  1  1  1 -1  
 1  1 -1  1  1  1 -1  1  
