-1  1 -1  1  1  1 -1  1  AFbar = 4.117735
-1  1 -1  1 -1  1  1 -1  EPDbar = 697543187427173811840460224242.000000
-1  1  1  1  1 -1  1 -1  NegAsbar = -0.406159
-1  1  1 -1 -1 -1 -1 -1  ENCPbar = 394660681631353.562500
 1  1 -1 -1  1  1 -1  1  
-1 -1  1  1 -1 -1  1 -1  SIBSSD-3
-1  1  1 -1  1  1 -1 -1  
 1 -1  1 -1 -1  1 -1  1  
 1  1  1 -1 -1 -1 -1  1  
 1 -1  1  1  1  1  1  1  
-1  1 -1  1  1 -1  1 -1  
 1 -1 -1 -1 -1  1 -1  1  
 1 -1 -1  1 -1 -1  1  1  
-1 -1 -1 -1 -1  1 -1 -1  
 1 -1  1 -1  1 -1 -1  1  
 1  1  1  1  1 -1  1  1  
