 1 -1 -1 -1 -1  1  1  AFbar = 2.234834
-1 -1  1 -1 -1 -1  1  EPDbar = 0.381798
 1  1 -1  1 -1 -1 -1  Asbar = 14537805902635177984.000000
 1 -1 -1 -1  1 -1  1  ENCPbar = 17.101356
-1  1  1 -1  1  1  1  
-1  1 -1 -1 -1 -1 -1  CP-7
-1  1  1  1 -1  1 -1  
-1  1 -1  1  1 -1  1  
-1 -1  1  1  1  1  1  
-1 -1 -1 -1  1  1 -1  
 1  1  1  1  1  1  1  
-1 -1 -1  1 -1 -1 -1  
 1  1 -1 -1  1  1 -1  
-1  1  1  1  1 -1 -1  
 1 -1  1  1 -1 -1  1  
-1  1 -1  1 -1  1  1  
 1 -1  1 -1 -1  1 -1  
 1 -1 -1  1  1  1 -1  
 1 -1  1 -1  1 -1 -1  
 1  1  1 -1 -1 -1  1  
