 1 -1  1 -1  1  1 -1  1  AFbar = 2.464523
-1  1  1 -1  1 -1 -1 -1  EPDbar = 0.305556
 1  1 -1  1  1 -1 -1  1  Asbar = 11111111111111110656.000000
 1 -1  1  1  1 -1  1 -1  ENCPbar = 15.407407
 1 -1 -1 -1 -1 -1 -1 -1  
-1 -1 -1 -1  1 -1  1  1  PSE-(1,1)
-1  1  1  1  1  1  1  1  
 1  1  1  1 -1  1 -1 -1  
 1  1 -1 -1  1  1  1 -1  
-1  1 -1 -1 -1  1 -1  1  
-1  1 -1  1 -1 -1  1 -1  
-1 -1  1 -1 -1  1  1 -1  
-1 -1  1  1 -1 -1 -1  1  
 1 -1 -1  1 -1  1  1  1  
-1 -1 -1  1  1  1 -1 -1  
 1  1  1 -1 -1 -1  1  1  
