 1 -1 -1  1  1  1 -1 -1  AFbar = 3.147509
-1 -1  1  1  1 -1 -1  1  EPDbar = 0.206497
 1 -1 -1 -1  1  1  1  1  Asbar = 0.043057
-1  1  1 -1  1  1  1 -1  ENCPbar = 23.326077
-1  1 -1 -1  1 -1 -1 -1  
-1 -1 -1 -1  1 -1  1  1  
-1 -1  1 -1 -1  1 -1  1  
-1  1 -1  1 -1  1  1  1  
 1  1 -1 -1 -1  1  1 -1  
-1  1  1  1 -1 -1 -1 -1  
 1  1 -1  1  1 -1  1 -1  
 1 -1  1 -1 -1 -1  1 -1  
-1  1 -1  1  1  1 -1  1  
-1 -1 -1  1 -1 -1  1 -1  
 1  1  1 -1  1  1 -1  1  
 1 -1 -1  1 -1 -1 -1  1  
 1  1  1 -1 -1 -1  1  1  
 1  1 -1 -1 -1 -1 -1  1  
-1 -1 -1 -1 -1  1 -1 -1  
 1  1  1  1 -1  1 -1 -1  
 1 -1  1 -1  1 -1 -1 -1  
 1 -1  1  1 -1  1  1  1  
-1  1  1  1  1 -1  1  1  
-1 -1  1  1  1  1  1 -1  
