 1  1 -1 -1 -1  1  1  1  AFbar = 1.837676
 1 -1  1 -1  1  1  1 -1  EPDbar = 0.393395
-1 -1  1  1 -1 -1 -1  1  Asbar = 15422072737005619200.000000
 1  1 -1  1 -1  1 -1  1  ENCPbar = 16.898939
-1  1 -1  1  1 -1 -1 -1  
 1 -1 -1  1 -1 -1  1 -1  PSE-(1,1)
 1 -1  1  1  1  1 -1 -1  
 1  1  1  1  1 -1  1  1  
-1 -1  1 -1  1 -1 -1 -1  
 1 -1  1 -1 -1  1 -1  1  
 1 -1 -1 -1  1 -1 -1  1  
-1  1  1 -1  1  1 -1  1  
 1  1 -1 -1  1  1 -1 -1  
-1 -1 -1 -1 -1  1 -1 -1  
-1 -1  1 -1 -1 -1  1  1  
 1  1  1 -1 -1 -1 -1 -1  
-1  1 -1 -1  1 -1  1 -1  
-1  1  1  1 -1  1  1 -1  
-1  1 -1 -1 -1 -1 -1  1  
-1 -1 -1  1  1  1  1  1  
