-1 -1 -1 -1 -1  1 -1 -1  AFbar = 3.024241
-1  1  1  1 -1 -1 -1  1  EPDbar = 0.341229
-1 -1  1  1 -1 -1  1 -1  Asbar = 0.050189
-1  1 -1 -1 -1 -1  1 -1  ENCPbar = 21.132485
 1 -1 -1 -1  1  1 -1  1  
-1  1 -1  1  1 -1 -1  1  PSE-(1,3)
-1 -1  1 -1  1 -1 -1  1  
-1  1  1 -1  1 -1 -1 -1  
-1 -1 -1  1 -1  1  1  1  
-1  1  1  1  1  1  1  1  
 1  1 -1  1 -1  1  1  1  
-1 -1  1  1  1  1 -1 -1  
 1  1 -1 -1 -1 -1 -1  1  
 1  1 -1  1  1  1 -1 -1  
-1  1 -1 -1  1  1  1 -1  
-1  1  1 -1 -1  1  1  1  
 1 -1  1  1 -1  1 -1  1  
 1  1  1  1  1 -1  1 -1  
 1  1  1 -1 -1  1 -1 -1  
 1 -1  1 -1 -1 -1  1  1  
 1 -1 -1  1 -1 -1 -1 -1  
 1 -1 -1  1  1 -1  1  1  
 1 -1  1 -1  1  1  1 -1  
 1 -1 -1 -1  1 -1  1 -1  
