 1 -1 -1  1  1 -1 -1  AFbar = 2.934854
-1 -1  1 -1 -1  1 -1  EPDbar = 0.241132
-1 -1 -1  1  1  1 -1  Asbar = 0.054315
 1  1  1 -1  1 -1 -1  ENCPbar = 19.126213
-1  1 -1 -1  1  1 -1  
-1 -1  1 -1  1 -1 -1  PSE-(1,1)
 1 -1 -1 -1  1  1 -1  
-1  1 -1 -1  1 -1  1  
 1 -1 -1 -1 -1 -1  1  
 1 -1  1  1 -1  1 -1  
-1 -1  1  1  1 -1  1  
-1  1  1 -1 -1  1  1  
 1  1 -1 -1 -1  1 -1  
-1  1 -1  1 -1 -1 -1  
 1  1  1  1 -1 -1  1  
-1  1  1  1  1  1 -1  
 1 -1  1 -1  1  1  1  
-1 -1 -1  1 -1  1  1  
 1  1 -1  1  1  1  1  
-1 -1 -1 -1 -1 -1 -1  
