 1 -1  1  1  1 -1 -1 -1  AFbar = 2.298929
-1  1 -1 -1 -1  1  1  1  EPDbar = 0.178570
 1  1 -1  1  1  1  1  1  NegAsbar = -369433339406.736023
 1  1  1  1 -1  1 -1 -1  ENCPbar = 11.833162
 1  1  1 -1  1 -1  1  1  
 1 -1  1 -1 -1  1 -1  1  PSE-(1,1)
 1 -1  1  1 -1 -1  1  1  
-1  1  1  1  1 -1 -1  1  
-1 -1  1 -1 -1 -1 -1 -1  
-1 -1  1 -1  1  1  1 -1  
-1 -1 -1  1 -1  1 -1 -1  
-1  1 -1  1  1 -1  1 -1  
 1  1 -1  1 -1 -1 -1  1  
 1 -1 -1 -1 -1  1  1 -1  
-1  1 -1 -1  1  1 -1 -1  
-1 -1 -1 -1  1 -1  1  1  
