 1 -1 -1  1  1  1  AFbar = 3.096737
-1  1  1  1  1 -1  EPDbar = 0.328637
-1 -1  1 -1  1 -1  NegAsbar = -0.046378
 1  1  1 -1 -1  1  ENCPbar = 22.654338
 1 -1  1 -1 -1 -1  
-1 -1 -1  1 -1  1  SIBSSD-1
-1  1  1 -1  1  1  
 1 -1 -1 -1 -1  1  
-1 -1 -1 -1 -1 -1  
-1 -1  1  1  1  1  
-1 -1 -1 -1  1  1  
-1 -1  1 -1 -1  1  
 1 -1  1  1  1 -1  
 1  1 -1  1 -1 -1  
-1 -1  1  1 -1 -1  
 1  1  1  1  1  1  
 1  1 -1 -1  1 -1  
-1  1  1 -1 -1 -1  
-1  1 -1  1  1  1  
 1 -1  1 -1  1  1  
-1  1  1  1 -1  1  
 1 -1  1  1 -1  1  
-1  1 -1 -1 -1  1  
-1 -1 -1  1  1 -1  
