-1  1 -1  1 -1  1  1  AFbar = 2.095874
 1 -1 -1 -1 -1  1 -1  EPDbar = 0.381814
 1  1 -1  1 -1 -1 -1  Asbar = 7310933777282141184.000000
 1 -1  1 -1  1  1  1  ENCPbar = 17.189190
 1  1  1 -1 -1 -1  1  
 1 -1 -1  1  1 -1  1  
-1  1 -1 -1  1 -1 -1  
-1  1  1  1  1 -1  1  
 1  1 -1 -1  1  1  1  
-1 -1  1  1  1  1 -1  
-1  1  1 -1 -1  1 -1  
-1 -1  1 -1 -1 -1  1  
-1 -1 -1 -1  1  1  1  
 1 -1  1  1 -1  1  1  
 1 -1 -1 -1 -1 -1  1  
 1 -1  1  1 -1 -1 -1  
 1 -1  1 -1  1 -1 -1  
 1  1  1  1  1  1 -1  
-1 -1 -1  1 -1 -1 -1  
 1 -1 -1  1  1  1 -1  
