 1  1  1 -1  1 -1  1  AFbar = 2.706763
 1  1 -1  1 -1 -1  1  EPDbar = 0.155128
-1 -1  1 -1 -1 -1  1  Asbar = 123035053270318944.000000
-1  1 -1  1  1 -1  1  ENCPbar = 16.748351
 1 -1  1  1  1  1  1  
 1 -1  1  1 -1 -1  1  
 1  1 -1 -1 -1  1  1  
 1 -1  1 -1 -1  1 -1  
-1 -1  1 -1  1  1 -1  
-1 -1 -1 -1  1  1  1  
 1 -1 -1 -1  1 -1 -1  
-1 -1  1  1  1 -1 -1  
-1  1 -1 -1  1  1 -1  
-1  1  1 -1  1 -1 -1  
-1 -1 -1  1 -1  1 -1  
-1  1  1  1 -1  1  1  
-1  1 -1 -1 -1 -1 -1  
 1  1  1  1 -1 -1 -1  
 1  1 -1  1  1  1 -1  
 1 -1 -1  1 -1  1  1  
