 1  1  1 -1 -1 -1  AFbar = 3.086435
-1 -1  1 -1 -1  1  EPDbar = 0.323568
-1 -1  1 -1 -1 -1  NegAsbar = -0.046384
-1  1  1 -1  1  1  ENCPbar = 22.208442
-1  1  1  1 -1  1  
-1 -1  1 -1  1 -1  CP-2
-1 -1  1  1  1  1  
 1 -1 -1  1  1 -1  
 1  1 -1  1  1  1  
 1 -1  1  1 -1 -1  
-1  1 -1 -1  1 -1  
 1  1 -1 -1  1 -1  
-1 -1 -1 -1  1  1  
-1  1 -1  1  1  1  
-1 -1 -1  1 -1 -1  
-1  1 -1 -1 -1 -1  
 1  1 -1 -1 -1  1  
 1  1  1  1  1  1  
 1 -1 -1 -1 -1 -1  
-1  1  1  1  1 -1  
 1 -1  1  1 -1  1  
 1  1 -1  1 -1 -1  
 1 -1 -1  1 -1  1  
 1 -1  1 -1  1  1  
