-1 -1 -1 -1  1 -1  1  1  AFbar = 2.932017
 1 -1 -1  1  1 -1 -1  1  EPDbar = 0.244520
 1  1 -1  1  1  1  1 -1  Asbar = 0.054509
 1  1  1 -1  1 -1  1 -1  ENCPbar = 19.050617
-1  1 -1 -1  1  1  1  1  
 1 -1 -1 -1 -1 -1  1 -1  PSE-(1,1)
-1  1 -1  1 -1 -1  1  1  
-1 -1 -1  1 -1  1 -1 -1  
 1  1  1  1 -1 -1 -1 -1  
-1 -1  1 -1 -1 -1 -1  1  
-1 -1  1  1  1 -1  1 -1  
-1  1 -1 -1  1 -1 -1 -1  
 1 -1 -1 -1  1  1 -1 -1  
-1 -1  1 -1  1  1 -1 -1  
 1  1 -1 -1 -1  1 -1  1  
 1 -1  1 -1  1  1  1  1  
-1  1  1 -1 -1  1  1 -1  
 1 -1  1  1 -1  1  1  1  
 1  1  1 -1  1 -1 -1  1  
-1  1  1  1  1  1 -1  1  
