-1  1  1  1  1  1  1  AFbar = 3.089530
-1 -1 -1 -1 -1 -1  1  EPDbar = 0.080049
 1 -1 -1  1  1 -1 -1  NegAsbar = -0.043006
 1  1 -1  1  1  1 -1  ENCPbar = 22.692063
 1  1 -1  1 -1 -1  1  
 1 -1 -1 -1  1  1  1  SIBSSD-3
-1 -1  1 -1  1 -1 -1  
-1 -1 -1 -1  1  1 -1  
 1  1  1  1  1 -1 -1  
-1  1 -1 -1  1 -1 -1  
-1  1  1 -1 -1 -1  1  
-1 -1 -1  1  1 -1  1  
 1  1  1  1 -1  1  1  
 1 -1 -1 -1 -1 -1 -1  
 1  1  1 -1 -1  1 -1  
-1  1 -1 -1 -1  1  1  
-1  1  1 -1  1  1 -1  
-1 -1 -1  1 -1  1 -1  
-1 -1  1 -1 -1  1  1  
 1 -1 -1  1 -1  1  1  
 1  1  1 -1  1 -1  1  
 1 -1  1  1 -1 -1  1  
 1 -1  1  1  1  1 -1  
-1  1  1  1 -1 -1 -1  
