 1  1 -1 -1 -1  1  1  1  AFbar = 3.025245
 1 -1 -1 -1 -1 -1 -1 -1  EPDbar = 0.342097
 1  1  1 -1 -1  1 -1 -1  Asbar = 64935118244719608.000000
-1 -1 -1  1 -1 -1  1 -1  ENCPbar = 21.274253
 1  1  1  1  1  1  1  1  
 1 -1  1  1 -1  1  1 -1  
 1  1 -1 -1  1 -1  1 -1  
 1 -1 -1  1  1 -1  1  1  
-1 -1  1 -1  1  1  1 -1  
-1  1 -1  1 -1  1 -1 -1  
 1 -1  1 -1  1  1 -1  1  
 1 -1 -1  1  1  1 -1 -1  
-1 -1  1  1 -1  1 -1  1  
-1 -1 -1 -1  1 -1 -1  1  
-1 -1  1  1  1 -1 -1 -1  
-1  1  1 -1  1 -1 -1  1  
 1  1  1  1  1 -1 -1 -1  
-1  1 -1 -1  1  1 -1 -1  
-1  1  1 -1 -1 -1  1 -1  
-1  1 -1  1  1  1  1  1  
-1  1  1  1 -1 -1  1  1  
 1  1 -1  1 -1 -1 -1  1  
-1 -1 -1 -1 -1  1  1  1  
 1 -1  1 -1 -1 -1  1  1  
