 1  1 -1 -1  1  1  1  AFbar = 2.809496
-1 -1  1 -1  1  1 -1  EPDbar = 0.238568
 1 -1  1  1 -1 -1  1  Asbar = 476204773332150400.000000
-1 -1 -1 -1 -1  1  1  ENCPbar = 19.034921
 1  1 -1  1  1 -1  1  
-1  1  1  1 -1  1  1  
-1 -1  1 -1 -1 -1 -1  
 1 -1 -1 -1  1 -1 -1  
-1 -1 -1  1  1  1  1  
 1 -1 -1  1 -1  1 -1  
 1  1 -1 -1 -1 -1  1  
-1 -1 -1  1 -1 -1  1  
-1  1 -1  1 -1 -1 -1  
 1  1  1 -1 -1  1 -1  
-1  1  1 -1  1 -1  1  
 1  1  1  1  1  1 -1  
-1 -1  1  1  1 -1 -1  
-1  1 -1 -1  1  1 -1  
 1  1  1  1 -1 -1 -1  
 1 -1  1 -1  1  1  1  
