-1  1  1 -1  1 -1 -1  1  AFbar = 2.306487
-1 -1  1  1 -1 -1  1  1  EPDbar = 0.091934
-1  1  1  1 -1  1 -1 -1  Asbar = 793656310422769920.000000
-1 -1  1 -1  1  1  1 -1  ENCPbar = 18.069841
 1 -1 -1 -1  1 -1  1  1  
 1  1  1 -1 -1  1  1 -1  
 1  1  1  1  1  1  1  1  
 1 -1  1  1  1 -1 -1 -1  
 1 -1  1 -1 -1 -1 -1  1  
-1  1 -1 -1 -1  1  1  1  
-1 -1 -1  1  1 -1 -1  1  
 1 -1 -1  1 -1  1  1 -1  
 1  1 -1 -1  1  1 -1 -1  
 1  1 -1  1 -1 -1 -1  1  
-1  1 -1 -1  1 -1  1 -1  
-1  1 -1  1  1  1  1 -1  
 1  1  1  1 -1 -1  1 -1  
-1 -1 -1 -1 -1 -1 -1 -1  
 1 -1  1  1 -1  1 -1  1  
-1 -1 -1 -1  1  1 -1  1  
