 1  1 -1 -1 -1  1  1 -1  AFbar = 2.418225
 1  1  1  1  1  1 -1  1  EPDbar = 10.074963
 1 -1 -1  1 -1 -1 -1 -1  NegAsbar = -277919420644.494934
 1 -1 -1  1  1 -1  1  1  ENCPbar = 29.136089
-1  1  1  1  1  1 -1  1  
 1  1 -1 -1  1  1  1 -1  CP-8
-1  1 -1  1 -1 -1 -1 -1  
-1  1  1 -1  1 -1  1  1  
-1 -1 -1  1 -1 -1 -1 -1  
-1 -1  1 -1 -1 -1  1  1  
 1 -1  1  1  1 -1 -1  1  
 1  1  1 -1 -1  1 -1 -1  
-1  1  1 -1  1 -1  1  1  
-1 -1 -1  1  1  1  1  1  
-1 -1  1 -1 -1  1 -1 -1  
 1 -1 -1 -1 -1  1  1 -1  
