-1 -1  1 -1 -1  1 -1  1  AFbar = 0.604928
-1 -1  1 -1  1 -1  1 -1  EPDbar = 0.456818
 1 -1 -1 -1  1  1 -1 -1  Asbar = 78181818181817434112.000000
-1  1  1  1  1  1 -1 -1  ENCPbar = 12.800000
 1  1 -1  1 -1  1 -1  1  
 1  1  1 -1  1  1  1  1  PSE-(1,1)
 1  1  1 -1 -1 -1 -1 -1  
-1  1 -1 -1 -1  1  1 -1  
 1 -1  1  1  1 -1 -1  1  
 1  1 -1  1  1 -1  1 -1  
-1  1 -1 -1  1 -1 -1  1  
-1 -1 -1  1  1  1  1  1  
 1 -1 -1 -1 -1 -1  1  1  
-1 -1 -1  1 -1 -1 -1 -1  
 1 -1  1  1 -1  1  1 -1  
-1  1  1  1 -1 -1  1  1  
