-1  1 -1 -1 -1 -1  1 -1  AFbar = 2.753711
 1  1 -1 -1  1 -1 -1  1  EPDbar = 0.386116
 1 -1  1 -1 -1  1 -1 -1  Asbar = 194805194805194816.000000
-1  1  1 -1  1  1 -1 -1  ENCPbar = 16.610298
 1 -1 -1  1  1  1 -1  1  
 1  1  1  1 -1  1 -1  1  
-1 -1  1 -1  1 -1  1  1  
-1 -1  1  1 -1 -1 -1  1  
 1  1 -1 -1  1  1  1 -1  
 1 -1  1  1  1  1  1 -1  
-1  1 -1  1  1  1  1  1  
 1 -1  1 -1  1 -1 -1 -1  
-1  1  1  1 -1 -1  1 -1  
-1 -1 -1  1 -1  1  1 -1  
-1 -1 -1  1  1 -1 -1 -1  
-1 -1 -1 -1 -1  1 -1  1  
-1  1  1 -1 -1  1  1  1  
 1 -1 -1 -1 -1 -1  1  1  
 1  1  1  1  1 -1  1  1  
 1  1 -1  1 -1 -1 -1 -1  
