 1 -1 -1  1  1  1 -1  AFbar = 2.882978
-1  1 -1 -1 -1 -1 -1  EPDbar = 0.092898
-1  1  1  1  1  1  1  Asbar = 0.058107
 1 -1 -1 -1 -1 -1 -1  ENCPbar = 18.260952
-1 -1  1 -1  1 -1 -1  
-1 -1 -1  1 -1 -1  1  
 1 -1  1  1  1  1  1  
 1  1 -1  1 -1  1  1  
-1  1  1  1 -1  1 -1  
 1  1  1  1  1 -1  1  
 1  1  1 -1 -1 -1 -1  
 1 -1 -1 -1  1 -1  1  
 1  1  1 -1  1  1 -1  
-1 -1 -1 -1 -1  1 -1  
-1  1 -1 -1  1  1  1  
-1  1  1 -1 -1 -1  1  
 1 -1  1  1 -1 -1 -1  
-1 -1 -1  1  1  1  1  
-1  1 -1  1  1 -1 -1  
 1 -1  1 -1 -1  1  1  
